64 128
0 1 2 3 4 5 6 7 8 9 10 11 12 13 14 15 16 17 18 19 20 21 22 23 24 25 26 27 28 29 30 31 32 33 34 35 36 37 38 39 40 41 42 43 44 45 46 47 48 49 50 51 52 53 54 55 56 57 58 59 60 61 62 63 64 65 66 67 68 69 70 71 72 73 74 75 76 77 78 79 80 81 82 83 84 85 86 87 88 89 90 91 92 93 94 95 96 97 98 99 100 101 102 103 104 105 106 107 108 109 110 111 112 113 114 115 116 117 118 119 120 121 122 123 124 125 126 127
94 51 47 66 26 119 3 36 104 2 120 63 110 82 9 80 43 65 48 15 88 87 16 118 27 106 100 0 101 108 30 122 21 93 95 23 57 75 54 92 22 96 125 79 10 20 123 56 24 14 49 90 72 77 33 98 113 29 109 64 44 53 76 73 13 25 67 18 42 81 111 61 35 4 116 86 89 50 7 60 112 99 107 102 115 5 71 91 55 124 97 34 62 121 31 12 74 58 46 52 45 59 8 83 127 40 38 69 85 117 17 68 39 1 105 28 114 103 37 41 19 11 32 78 126 84 70 6
85 29 76 8 30 96 105 28 10 23 117 61 42 57 110 27 120 54 73 71 56 6 78 109 97 0 99 113 84 14 66 83 87 70 11 47 5 81 68 89 20 55 44 64 16 9 72 52 122 77 41 51 90 93 123 82 115 25 112 3 49 43 50 74 31 60 108 59 119 19 94 32 2 69 75 124 38 17 121 95 111 101 127 34 39 79 7 18 91 92 21 12 86 48 45 13 116 1 114 15 40 63 24 104 100 35 67 4 58 33 102 26 107 80 125 103 98 106 62 46 88 53 22 65 37 36 126 118
81 30 99 52 86 35 94 2 89 75 102 74 119 3 58 105 78 14 42 93 111 87 84 0 21 88 49 95 108 17 18 109 126 8 61 80 45 82 33 10 39 44 32 62 46 41 122 79 70 9 114 83 27 112 25 66 56 124 72 7 104 110 4 43 55 11 26 1 115 36 92 77 15 59 101 64 90 20 24 85 28 100 6 16 125 96 19 51 65 31 113 40 71 63 57 60 120 127 38 12 34 54 53 5 13 29 106 68 117 98 23 48 91 22 116 118 107 103 50 73 97 76 69 37 123 121 67 47
101 50 119 72 106 55 114 22 109 95 122 94 12 23 78 125 98 34 62 113 4 107 104 0 41 108 69 115 1 37 38 2 19 28 81 100 65 102 53 30 59 64 52 82 66 61 15 99 90 29 7 103 47 5 45 86 76 17 92 27 124 3 24 63 75 31 46 21 8 56 112 97 35 79 121 84 110 40 44 105 48 120 26 36 18 116 39 71 85 51 6 60 91 83 77 80 13 20 58 32 54 74 73 25 33 49 126 88 10 118 43 68 111 42 9 11 127 123 70 93 117 96 89 57 16 14 87 67
13 53 106 31 18 26 21 34 51 117 10 101 43 16 80 108 40 77 58 120 104 92 98 91 105 54 2 46 86 84 115 4 36 63 114 85 47 24 74 33 22 83 87 65 57 78 124 45 3 116 52 97 93 112 72 38 49 82 23 48 39 109 29 1 55 126 89 111 94 61 7 6 62 37 73 25 19 0 20 27 76 41 67 12 14 69 103 121 100 11 68 15 44 125 56 66 42 102 70 60 95 9 118 123 79 17 32 75 28 110 90 99 122 119 59 71 113 64 88 127 30 107 81 50 35 5 8 96
33 110 108 28 54 1 111 24 53 65 58 21 26 47 14 86 16 119 20 116 71 60 125 56 42 23 69 75 82 96 120 62 99 15 50 73 10 97 74 83 103 9 102 19 57 61 31 122 37 12 127 126 30 78 22 7 107 72 43 109 93 87 88 90 52 79 101 51 121 13 66 105 85 117 68 4 45 32 35 80 95 91 70 38 63 124 106 67 77 113 59 114 39 34 64 115 48 6 55 46 36 112 104 44 98 5 2 81 0 89 18 29 3 84 25 41 100 118 8 94 17 92 49 27 40 123 76 11
26 106 52 107 32 27 57 108 41 126 48 39 29 105 97 37 91 125 122 74 0 82 11 22 123 77 18 34 93 111 1 87 10 85 42 20 33 116 69 4 103 101 21 47 121 104 17 46 58 51 14 19 40 7 79 9 112 13 109 64 53 118 49 35 16 62 68 75 89 113 55 92 8 43 66 3 90 67 76 96 2 95 12 50 54 24 115 30 5 120 119 23 71 15 127 100 65 36 102 86 80 81 83 45 72 94 44 114 6 59 98 78 110 61 124 38 25 28 73 88 84 63 31 56 117 99 60 70
74 94 83 17 21 126 118 12 58 106 64 50 113 31 27 46 6 99 110 16 84 109 100 43 90 62 116 60 23 45 28 122 68 67 123 98 7 86 80 0 81 88 10 102 1 73 75 3 37 55 34 72 2 76 105 59 117 127 103 36 4 121 29 70 52 57 13 78 93 9 89 44 24 33 56 53 120 5 47 125 22 61 91 41 15 111 96 66 69 30 114 40 92 79 87 82 95 112 51 71 35 104 77 14 42 101 11 119 54 38 26 32 25 39 115 63 107 20 18 49 65 97 124 48 19 108 85 8
102 20 76 14 51 29 32 21 120 82 47 59 73 101 22 33 107 66 9 55 56 103 57 75 115 54 113 74 23 31 98 26 110 60 36 34 96 65 80 50 123 53 122 127 95 83 85 89 13 67 111 11 24 62 41 119 79 16 45 44 126 100 106 69 99 91 49 112 35 30 121 43 63 8 27 10 114 104 37 12 5 48 19 1 108 6 117 124 105 46 40 71 0 87 72 94 42 77 86 118 109 18 52 97 70 93 7 90 116 28 61 58 2 125 92 17 38 4 84 15 39 25 78 88 3 64 81 68
110 25 46 12 92 23 47 33 86 96 11 72 89 76 28 84 22 59 37 40 29 1 90 55 67 81 109 30 41 115 74 17 63 64 111 65 83 123 62 121 82 31 39 106 34 118 68 44 42 104 73 88 58 4 61 3 8 103 91 93 97 21 75 119 19 32 70 49 127 87 24 53 52 7 108 114 77 107 99 57 120 43 38 2 51 71 16 35 18 122 112 45 20 13 56 27 9 116 14 125 5 113 54 48 79 0 95 80 102 50 85 94 126 117 26 60 105 78 101 15 98 124 36 69 66 10 6 100
99 114 69 49 58 81 78 18 30 72 23 47 86 116 66 40 9 121 91 94 55 12 65 117 104 112 107 120 10 76 96 60 2 102 39 67 126 36 17 79 63 51 57 50 64 13 88 5 45 43 74 90 122 22 73 44 6 110 33 119 108 42 46 24 16 37 83 4 89 75 11 56 52 71 31 124 8 41 109 7 125 68 115 87 14 85 48 70 53 20 93 92 21 123 32 111 105 0 106 113 35 127 26 98 100 28 62 80 59 97 27 101 3 84 15 25 1 61 29 19 54 95 77 82 38 103 118 34
51 79 49 13 55 30 18 17 48 96 40 25 125 90 61 127 111 105 106 108 70 97 119 69 12 31 84 123 103 8 86 22 63 50 53 98 113 109 88 56 81 15 124 85 95 4 77 5 57 52 82 6 66 24 73 64 54 3 122 62 116 23 20 99 0 107 36 47 21 102 43 59 118 9 26 112 35 110 67 45 58 14 94 29 1 126 46 72 19 2 42 71 83 76 39 44 65 32 104 34 10 38 7 89 78 16 74 60 41 87 93 100 114 11 80 117 33 68 91 28 115 92 101 121 27 120 37 75
81 4 55 26 115 92 15 101 90 24 28 6 125 19 65 113 71 57 120 38 34 53 13 106 117 23 91 116 107 50 97 69 123 67 30 52 35 2 75 74 3 105 14 93 87 0 88 95 17 109 8 80 82 10 44 62 41 79 9 83 112 66 124 7 110 43 11 1 36 77 59 64 20 85 100 16 96 51 31 40 63 60 127 12 54 5 29 68 98 48 22 118 103 73 76 37 121 47 99 86 94 89 102 119 58 78 42 111 84 21 49 108 18 126 61 45 33 39 32 46 122 70 114 27 25 56 72 104
32 125 50 37 45 40 53 70 9 29 120 62 35 99 127 59 96 77 12 123 111 117 110 124 73 21 65 105 103 7 23 55 82 6 104 66 43 93 52 41 102 106 84 76 97 16 64 22 8 71 116 112 4 91 57 68 101 42 67 58 1 48 20 74 18 108 3 113 80 26 25 81 56 92 44 38 0 39 46 95 60 86 31 33 88 122 13 119 30 87 34 63 17 75 85 61 121 89 79 114 28 10 15 98 36 51 94 47 2 109 118 14 11 78 90 5 83 107 19 49 126 100 69 54 24 27 115 72
107 65 82 41 91 39 123 101 114 70 23 85 57 55 102 1 75 58 98 127 12 5 95 100 121 88 33 90 66 94 63 18 7 72 3 116 97 16 22 29 43 67 9 46 89 124 20 84 44 21 30 50 83 49 93 4 8 105 69 111 86 74 73 104 25 96 81 54 19 117 56 40 34 35 37 126 26 48 125 68 87 13 52 32 64 15 78 119 106 109 27 42 38 17 112 10 71 53 14 24 60 6 61 113 108 11 62 122 80 2 120 110 59 51 118 45 79 76 28 0 36 92 103 77 31 99 115 47
13 111 12 60 71 18 104 47 93 94 14 95 113 26 92 24 112 61 69 9 64 21 98 74 72 7 103 118 88 34 91 33 38 6 121 123 127 51 105 22 49 62 100 79 30 117 54 83 82 37 11 17 107 10 2 87 23 73 68 32 81 101 46 65 48 25 15 75 50 43 86 57 39 19 44 28 35 16 84 78 109 0 125 110 5 80 115 124 29 20 56 90 8 108 4 45 1 27 66 99 96 40 36 3 55 76 42 122 53 77 63 116 126 41 102 119 106 58 114 52 89 67 70 59 31 120 85 97
25 71 100 93 20 43 46 113 120 5 103 58 16 97 45 77 57 109 50 60 13 123 18 37 39 24 6 27 78 72 8 87 111 83 12 62 108 30 63 55 52 116 117 98 48 59 34 69 15 105 61 51 67 106 74 31 88 26 112 56 54 107 91 40 7 125 42 47 65 38 2 28 89 104 66 96 75 36 95 90 1 124 94 121 11 73 49 0 53 81 23 10 114 21 29 122 4 76 119 17 118 33 22 92 70 110 14 127 126 86 99 9 64 84 35 41 101 19 85 32 79 115 80 68 82 3 44 102
32 69 58 54 1 24 48 27 20 115 74 72 18 125 108 50 3 37 113 45 80 40 26 53 25 70 81 9 56 29 92 120 44 62 38 35 0 99 39 127 46 59 95 96 60 77 86 12 31 123 33 111 88 117 122 110 13 124 119 73 30 21 87 65 34 105 63 103 17 7 75 23 85 55 61 82 121 6 89 104 79 66 114 43 28 93 10 52 15 41 98 102 36 106 51 84 94 76 47 97 2 16 109 64 118 22 14 8 11 71 78 116 90 112 5 4 83 91 107 57 19 68 49 101 126 42 100 67
9 17 76 94 111 70 120 68 25 3 16 99 52 114 86 84 4 30 104 87 127 29 41 34 124 2 23 117 62 119 95 123 92 47 36 101 32 18 126 45 51 58 72 96 38 75 118 26 49 113 73 50 59 79 112 78 122 33 37 7 98 13 115 103 102 6 54 125 110 83 48 19 85 69 63 64 66 28 55 77 27 97 116 42 81 61 93 44 107 21 8 11 56 71 67 46 14 39 100 82 43 53 89 35 90 15 10 40 91 24 109 31 22 12 88 80 20 74 108 105 57 0 65 121 5 106 60 1
15 104 72 62 97 11 120 125 81 19 34 77 30 112 92 101 124 121 61 73 115 66 90 2 32 109 83 52 37 7 10 98 55 108 33 20 28 23 36 53 119 12 103 45 18 82 110 42 79 60 122 106 94 100 93 107 56 4 48 88 86 117 6 38 65 116 87 49 26 76 35 24 85 89 67 59 80 126 47 5 118 54 99 95 114 74 40 51 84 25 50 41 111 31 3 57 1 91 113 96 63 9 8 64 39 75 27 21 0 22 29 78 43 69 14 16 71 105 123 102 13 70 17 46 127 58 68 44
2 18 123 9 92 45 107 79 77 124 23 97 80 120 22 34 27 117 122 16 110 55 112 88 116 85 40 29 94 25 11 119 38 44 51 65 89 31 68 111 19 42 106 66 43 52 72 105 71 115 26 30 127 91 6 108 96 95 126 47 118 103 76 41 12 78 62 56 57 59 21 48 70 20 90 109 35 74 54 86 37 100 14 1 4 49 64 60 39 7 32 93 75 36 46 82 28 83 8 3 33 84 17 102 24 15 5 81 73 13 67 101 98 50 0 58 114 125 99 53 121 10 69 87 104 63 113 61
54 88 7 8 55 9 27 67 6 65 26 102 110 50 105 62 12 115 113 48 17 32 2 75 5 74 79 47 35 37 41 92 19 63 90 103 14 120 71 31 95 124 123 78 52 58 21 51 43 1 64 114 109 73 122 15 87 106 89 66 56 116 91 84 127 98 80 60 85 69 76 57 125 119 23 0 39 24 46 121 29 38 70 61 97 4 49 22 45 86 42 68 107 13 10 81 77 44 96 117 83 36 94 118 104 30 40 82 16 33 20 99 28 93 3 108 111 100 72 34 126 11 25 53 101 112 59 18
22 15 71 46 82 34 28 0 29 36 85 50 76 21 23 78 112 3 109 20 77 24 53 7 65 75 51 111 79 69 104 18 127 5 88 26 41 84 37 119 99 108 4 1 68 80 122 73 97 9 39 116 90 59 44 14 17 105 62 115 40 27 35 30 43 60 126 19 110 52 25 89 117 49 86 67 2 113 101 107 100 114 63 11 55 95 93 124 13 45 72 123 94 56 33 83 42 31 92 96 74 66 87 6 54 12 125 61 106 102 121 81 47 58 91 32 57 48 118 38 10 64 8 98 120 103 70 16
88 18 7 106 68 33 45 59 87 8 19 93 52 122 41 42 89 43 61 101 40 99 60 9 17 84 12 96 46 22 20 82 51 66 36 109 39 108 113 81 69 71 75 126 53 97 124 10 48 27 105 65 2 31 30 112 86 92 55 85 77 35 98 21 16 107 29 49 121 13 123 100 90 23 125 118 34 5 114 94 119 103 110 91 32 26 57 0 73 58 80 28 63 72 104 95 4 38 83 56 79 120 76 102 14 47 44 115 111 78 3 24 117 70 1 25 11 64 74 116 50 67 54 6 62 127 37 15
11 79 46 48 37 33 107 3 27 6 126 94 53 51 124 104 87 29 109 16 92 24 59 19 5 32 4 49 60 115 35 8 71 99 23 41 17 14 0 78 18 106 25 38 74 75 39 56 65 118 10 102 12 90 67 96 101 89 119 103 98 52 9 127 66 44 13 84 42 82 123 113 54 2 64 34 40 61 100 112 68 83 58 45 93 22 7 72 116 31 121 20 77 81 15 85 30 63 73 55 26 76 108 122 88 43 97 1 120 114 117 50 57 95 69 91 111 110 62 70 86 36 125 47 28 80 105 21
99 69 78 23 66 91 65 107 96 39 17 57 88 74 73 33 46 83 11 31 109 115 48 93 32 106 26 62 27 15 29 77 118 49 18 47 40 94 117 120 60 67 79 50 5 90 44 119 24 4 56 124 7 87 70 92 111 113 98 80 101 25 19 82 34 58 30 86 9 55 104 10 2 126 63 64 45 122 6 108 16 89 52 8 125 14 53 21 105 35 100 59 3 1 54 38 114 81 72 116 121 12 112 76 102 36 51 13 43 22 110 42 37 75 71 41 68 85 20 123 0 127 28 97 84 61 95 103
39 9 125 18 97 90 26 6 76 31 122 5 44 47 77 36 69 106 66 84 3 124 4 28 112 14 62 13 73 100 48 113 83 23 29 78 119 98 75 49 65 55 81 115 120 33 88 99 45 46 102 93 40 2 126 94 70 82 68 96 121 17 105 58 54 116 21 85 12 114 56 107 61 34 79 57 52 60 16 127 42 7 103 19 118 117 80 72 110 30 89 111 50 59 109 91 104 71 15 123 11 64 108 74 8 27 25 10 87 32 63 51 0 53 67 38 95 20 37 41 24 92 1 86 35 22 43 101
4 25 124 42 53 108 28 1 64 92 16 34 10 7 0 71 11 99 18 31 67 68 32 49 58 111 3 95 5 83 60 89 94 82 112 96 91 45 2 120 59 37 6 77 35 75 116 106 47 122 57 27 33 54 93 105 61 76 51 38 86 15 127 65 109 24 114 13 70 74 8 78 23 56 66 48 19 69 101 115 81 36 90 121 113 107 110 43 50 88 62 84 104 103 55 63 79 29 118 40 21 73 98 14 72 39 41 30 26 100 123 20 126 119 87 46 44 117 97 80 22 102 9 85 17 52 12 125
32 126 69 24 115 125 37 40 70 29 62 99 59 77 123 117 124 21 105 7 55 6 66 93 41 106 76 16 22 71 112 91 68 42 58 48 74 108 113 26 81 92 38 39 95 86 33 122 119 87 63 75 61 89 114 10 98 51 47 109 14 78 5 107 49 100 54 27 72 50 45 53 9 120 35 127 96 12 111 110 73 65 103 23 82 104 43 52 102 84 97 64 8 116 4 57 101 67 1 20 18 3 80 25 56 44 0 46 60 31 88 13 30 34 17 85 121 79 28 15 36 94 2 118 11 90 83 19
8 90 108 21 87 19 107 56 64 4 59 16 93 69 67 2 98 113 83 29 86 28 33 1 116 118 122 46 100 17 44 57 95 74 25 112 49 78 77 32 6 12 102 5 124 82 18 68 63 27 76 96 41 60 43 20 10 70 45 38 81 52 34 14 39 23 30 11 79 73 104 0 120 105 127 75 110 119 24 15 51 85 3 103 126 40 123 22 61 94 91 35 31 125 50 71 37 117 48 72 58 111 121 36 97 114 101 53 109 47 84 62 65 54 26 115 80 92 106 7 55 66 13 99 42 88 89 9
105 18 91 71 54 123 76 110 59 118 26 113 99 126 98 16 27 82 2 102 38 66 117 8 111 108 0 45 112 73 119 5 41 42 6 23 32 85 104 69 106 57 34 63 68 56 86 70 65 19 103 94 33 11 107 51 9 49 90 80 21 96 31 1 7 28 67 79 35 50 25 12 60 116 101 39 83 125 88 114 44 48 109 52 124 30 40 22 120 43 75 89 55 10 64 95 87 81 84 17 24 62 36 58 78 77 29 37 53 3 92 14 122 47 72 115 46 13 15 4 127 74 97 121 100 93 61 20
120 12 8 70 102 39 93 68 10 61 15 115 33 11 6 14 97 81 123 88 57 100 72 71 34 26 64 111 43 65 4 13 63 45 58 25 96 77 92 18 62 28 89 108 106 91 41 113 17 5 0 7 21 119 49 101 118 122 105 46 82 40 116 103 124 55 90 79 99 51 44 107 87 30 112 76 86 125 1 31 117 23 60 20 38 84 78 85 109 66 95 16 94 27 54 2 67 37 104 110 32 73 52 29 3 19 9 35 69 74 114 42 53 126 127 56 47 121 83 80 48 24 36 22 50 75 98 59
101 27 63 21 97 84 105 36 71 60 80 32 25 88 68 11 93 57 67 106 109 12 98 4 41 1 19 65 59 66 90 47 76 124 75 8 35 110 48 18 85 91 13 54 33 10 111 127 117 16 50 55 95 23 34 107 108 37 28 102 64 61 29 5 17 3 31 56 79 40 120 116 51 83 20 74 49 118 42 123 96 14 119 114 122 78 62 104 69 38 81 53 52 15 7 45 92 24 46 112 121 44 26 39 6 77 58 73 126 43 9 70 89 87 72 22 94 125 113 0 115 2 100 30 82 99 103 86
75 48 23 92 16 97 70 115 93 88 96 52 36 78 43 12 55 27 26 116 108 19 66 125 20 86 95 18 127 13 107 51 32 47 100 17 110 44 63 61 46 123 68 99 87 0 89 103 74 4 56 73 77 60 1 37 122 71 58 79 10 45 34 54 6 126 62 42 112 67 31 41 80 83 113 72 105 15 102 120 39 33 40 64 21 50 98 49 109 9 84 22 119 59 65 114 28 7 111 85 101 91 117 24 29 69 124 8 81 82 11 2 76 38 35 3 106 118 104 5 30 53 14 94 90 25 57 121
18 68 107 119 75 90 65 52 100 29 14 79 123 38 1 27 84 88 22 92 37 70 80 62 33 83 115 2 95 50 104 8 127 121 124 57 64 102 76 98 118 117 69 77 93 43 5 54 35 87 112 28 86 53 55 44 40 114 10 34 13 6 101 60 58 4 111 94 36 116 23 99 31 66 26 12 39 11 56 67 122 42 15 78 106 30 48 24 21 0 85 25 113 32 45 81 82 46 63 72 125 17 109 19 97 74 103 108 96 126 110 105 59 16 7 73 51 20 91 49 89 3 120 61 9 71 41 47
21 98 53 107 11 3 124 127 60 67 105 79 101 121 120 72 80 96 46 8 57 38 90 115 31 89 56 58 47 43 117 13 37 16 9 104 63 61 7 114 97 39 119 26 102 34 69 29 15 42 14 59 70 125 45 18 81 109 33 51 27 24 0 88 28 116 35 48 84 85 49 66 75 1 20 112 22 100 77 106 111 99 2 113 108 62 19 10 76 54 23 94 52 92 6 123 64 12 74 44 50 71 110 122 78 93 68 55 103 32 17 82 126 41 4 30 87 91 25 95 40 73 83 65 36 86 118 5
68 9 90 63 108 86 81 89 45 29 71 36 5 48 20 19 109 101 12 59 118 13 79 88 11 120 6 100 44 25 40 93 10 103 37 56 54 39 116 61 92 80 0 82 96 67 124 49 66 70 53 121 30 115 64 51 72 3 38 27 47 126 119 55 35 105 60 24 34 73 76 106 65 98 8 95 113 32 26 33 57 14 43 91 42 102 2 77 15 112 52 58 107 21 127 104 78 94 84 110 17 22 62 117 1 74 75 4 122 69 31 28 123 99 111 97 125 23 46 7 87 83 18 50 114 41 16 85
16 34 123 88 100 114 15 63 74 21 107 50 96 97 17 98 116 29 95 27 115 64 72 12 67 24 101 77 75 10 106 121 91 37 94 36 41 9 124 126 3 54 108 25 52 65 103 82 33 120 57 86 85 40 14 20 110 13 5 90 26 76 71 35 84 104 49 68 51 28 18 78 53 46 89 60 42 22 47 31 38 19 87 81 112 0 1 113 8 83 118 127 32 23 59 93 11 111 7 48 4 30 69 102 99 43 39 6 58 79 45 125 56 80 66 119 2 44 105 122 109 61 117 55 92 70 73 62
107 3 22 9 20 30 93 69 73 81 56 37 125 52 78 27 112 14 61 62 120 118 28 103 115 41 101 85 1 127 100 90 18 116 29 46 84 50 4 111 104 54 40 126 68 32 119 42 10 24 113 122 110 45 0 77 47 91 114 57 75 12 121 66 7 97 43 89 44 83 8 86 25 19 34 26 87 64 106 38 71 60 108 80 59 79 36 31 65 39 70 55 58 5 88 94 72 16 67 124 21 49 105 74 96 117 35 48 13 15 109 17 53 6 11 2 51 76 92 99 82 123 23 102 98 95 33 63
2 62 14 8 0 9 16 65 30 56 1 3 58 92 110 89 127 57 4 33 114 45 55 31 91 59 49 84 125 107 112 68 6 21 64 17 99 79 88 111 108 48 60 102 53 77 116 19 96 70 39 24 121 124 85 42 95 20 7 15 10 23 40 106 126 90 32 5 69 97 29 66 47 109 93 81 87 80 94 43 118 35 75 73 104 120 25 52 103 74 36 13 63 22 11 72 76 54 46 67 113 34 119 105 41 86 82 101 61 27 38 71 12 37 28 98 18 117 44 115 78 100 83 50 123 122 51 26
28 108 64 54 70 109 77 34 91 29 115 59 57 110 94 43 10 1 45 50 68 41 5 31 92 107 69 99 78 39 98 93 4 127 97 124 14 76 52 0 56 84 26 13 117 24 32 125 7 79 122 20 121 36 25 95 73 113 17 3 2 89 102 12 67 87 38 44 104 22 88 35 82 118 83 71 85 6 47 105 74 103 96 23 46 49 116 123 8 106 61 19 100 48 80 60 112 53 63 16 126 21 40 42 27 9 30 81 75 11 90 114 86 15 65 111 33 66 58 55 119 120 101 51 62 37 72 18
62 22 91 1 44 79 102 39 126 103 112 5 38 4 48 86 90 60 24 66 41 29 28 59 107 51 36 9 101 72 11 122 116 117 119 81 108 3 80 23 42 95 7 114 19 97 33 74 61 64 109 124 120 99 67 92 26 8 96 106 15 88 16 68 63 93 17 77 35 84 75 65 14 6 73 127 34 31 110 0 118 47 58 32 113 54 70 2 20 37 123 46 121 78 56 69 25 105 40 12 10 57 83 30 13 53 82 94 87 50 55 76 43 115 45 21 49 18 100 89 27 85 71 52 98 104 111 125
118 127 35 108 71 27 17 33 72 40 124 54 119 78 22 20 73 57 6 100 91 8 13 31 4 95 121 55 70 32 62 41 2 61 56 94 90 60 87 104 39 15 0 19 47 116 103 80 114 122 88 97 42 85 110 84 126 115 58 36 76 107 93 92 52 65 102 30 50 1 7 67 112 51 125 45 81 46 34 48 96 10 68 37 66 59 113 9 12 79 86 98 69 24 109 63 11 43 23 75 16 26 106 89 111 3 5 117 99 120 44 38 101 53 77 49 105 28 74 123 29 21 18 82 83 64 14 25
87 2 116 127 10 73 49 53 61 36 17 105 32 58 7 92 121 41 42 100 98 8 83 95 21 81 65 108 107 80 70 125 96 9 26 64 30 111 91 84 34 20 106 48 12 99 22 117 4 93 102 90 25 0 57 27 71 94 37 55 119 101 46 114 77 23 69 24 63 115 66 5 126 14 6 67 44 86 18 51 40 88 60 39 59 16 11 45 19 50 35 38 112 68 74 52 123 47 104 1 29 85 54 76 97 15 28 120 122 89 124 33 113 118 109 31 56 72 79 62 103 3 82 78 75 13 43 110
48 99 107 123 73 35 84 65 117 15 58 116 83 85 74 70 17 40 64 43 36 4 90 88 34 14 124 66 19 53 2 61 96 56 42 69 41 86 97 25 72 45 108 9 60 78 54 51 0 115 55 16 62 75 111 112 76 93 102 28 47 12 49 127 104 6 11 126 29 13 8 89 46 37 103 81 50 121 79 119 33 23 91 39 101 71 77 98 10 22 105 120 95 82 3 59 44 109 26 68 31 57 114 118 52 122 67 100 110 92 63 113 18 32 125 80 7 38 30 24 27 87 94 5 106 1 21 20
90 69 2 9 47 21 43 63 62 14 22 38 115 77 126 107 32 57 100 31 125 127 116 112 59 82 106 85 78 46 5 3 76 56 39 108 61 95 44 103 11 98 84 111 83 1 12 67 114 87 23 51 102 120 96 93 0 30 97 58 104 117 26 27 118 8 17 70 89 54 91 42 19 48 53 41 71 55 50 4 88 79 18 123 92 36 121 34 75 65 6 81 16 113 119 13 52 64 20 35 10 124 45 101 86 24 68 110 73 99 29 33 94 37 109 15 25 7 105 28 60 74 40 122 49 80 72 66
46 108 90 61 111 16 30 123 78 5 36 28 22 25 85 92 3 104 126 19 18 97 105 121 71 33 82 63 115 13 56 114 81 83 72 68 15 38 62 41 34 2 88 86 32 12 122 64 17 51 127 59 94 54 40 67 39 84 95 23 70 43 106 7 58 76 52 49 0 113 53 14 60 73 109 110 74 91 100 26 45 10 47 125 102 4 9 124 27 11 6 87 44 35 101 79 48 119 77 117 31 21 89 37 99 69 75 96 8 20 103 118 93 80 1 57 42 107 24 66 29 55 112 116 50 120 65 98
95 45 43 90 116 63 46 86 115 127 120 83 88 109 76 21 78 54 82 51 6 122 60 118 104 85 4 10 17 31 55 124 34 77 112 8 72 32 9 18 38 71 37 81 119 123 93 57 99 74 62 61 92 13 84 69 42 7 105 44 28 22 23 25 114 14 36 113 56 75 1 40 20 52 3 66 107 94 97 15 30 26 5 100 125 59 41 2 12 48 121 49 101 96 126 50 110 68 117 108 98 47 39 106 33 67 64 16 0 24 80 91 65 19 87 103 35 53 70 29 79 27 111 89 102 58 11 73
8 55 118 70 94 66 122 45 91 13 46 38 35 99 100 81 31 42 17 52 125 88 44 34 50 89 57 14 71 9 95 39 37 90 74 23 117 108 25 30 48 21 112 11 72 87 49 79 58 19 78 73 111 107 77 104 121 56 32 0 36 64 6 120 97 4 12 105 114 59 102 127 101 16 5 75 53 93 124 110 109 69 82 119 47 67 18 24 84 2 68 15 62 98 63 51 65 113 27 85 54 83 76 3 26 29 96 103 115 86 41 126 80 28 60 40 92 33 43 123 106 1 20 22 7 116 10 61
85 78 68 123 94 7 24 62 28 109 89 82 32 18 104 46 10 97 20 115 2 91 100 88 23 0 55 25 69 92 35 53 117 99 44 112 75 21 67 22 61 113 64 3 124 12 4 65 42 84 16 49 38 86 58 37 57 14 9 43 17 48 33 36 110 66 72 50 121 45 102 126 27 83 52 74 95 13 26 118 120 87 122 31 111 116 107 29 54 70 77 60 101 1 80 76 73 11 41 108 127 114 125 8 71 47 51 59 34 15 103 30 56 5 90 119 39 40 98 96 6 81 93 19 79 63 106 105
10 107 2 77 112 121 26 17 53 87 5 105 1 42 125 24 63 96 93 37 33 127 52 73 39 119 50 74 60 113 123 38 99 116 103 55 111 49 86 64 67 56 28 117 82 94 108 9 57 68 15 101 44 90 91 11 92 110 23 89 21 109 58 66 6 61 18 95 71 69 4 100 115 85 31 88 30 35 3 118 120 124 48 102 19 46 59 97 76 27 114 51 80 79 34 8 14 104 7 126 84 20 70 65 29 78 98 43 62 45 22 12 72 47 40 83 54 36 16 41 25 32 13 81 75 106 0 122
44 126 57 55 92 40 52 105 38 22 65 64 37 27 82 53 93 110 21 114 68 48 41 118 104 63 5 96 56 106 74 88 50 59 47 109 0 14 111 28 51 121 12 76 58 3 71 34 107 26 108 20 72 23 89 83 98 90 24 1 43 102 8 124 45 17 123 16 100 95 2 103 7 119 122 69 25 31 9 80 4 61 85 113 42 11 33 54 99 112 77 79 46 81 117 70 75 66 115 13 29 36 19 60 87 39 35 32 97 127 67 86 73 84 94 30 6 10 18 120 101 62 116 15 91 49 78 125
122 82 26 24 77 61 10 104 95 12 17 35 8 99 125 59 74 36 66 45 6 65 60 98 94 64 91 108 43 19 0 23 51 120 107 84 118 126 92 101 46 89 114 88 3 119 62 40 80 111 97 96 56 69 106 34 54 5 11 71 116 55 2 49 85 50 38 52 100 14 72 41 70 63 117 13 16 83 90 102 73 28 113 67 15 47 27 79 20 30 110 93 115 7 9 121 103 124 48 42 105 57 81 53 109 32 78 127 33 25 22 86 87 68 18 29 4 39 112 75 31 21 37 76 44 1 58 123
44 11 10 41 89 33 18 118 83 54 120 104 98 99 101 63 90 112 62 5 24 77 116 96 1 79 15 56 43 46 91 106 102 81 49 74 8 117 78 88 124 70 125 50 45 75 126 59 17 66 57 47 123 115 55 109 16 13 92 0 100 29 40 14 95 36 52 111 2 19 105 28 103 60 38 51 7 87 22 121 119 39 65 12 122 35 64 76 69 32 37 58 25 97 27 3 31 127 82 71 9 67 53 34 80 86 93 107 4 73 110 26 61 84 21 108 85 94 114 20 113 30 68 72 42 6 48 23
66 114 90 0 94 122 64 51 28 62 70 36 45 117 33 58 32 74 63 6 111 24 55 41 40 127 13 50 105 125 76 82 15 60 126 73 120 29 121 109 123 44 85 16 112 14 7 61 84 87 27 34 46 17 99 57 11 86 118 98 23 91 101 54 37 59 78 80 65 47 68 119 113 49 1 25 124 53 103 22 71 104 96 93 30 31 12 89 100 75 110 56 19 102 92 108 20 115 72 2 67 26 97 95 21 5 81 48 39 83 88 106 79 43 69 3 18 107 10 116 77 9 4 42 38 8 35 52
27 53 33 58 42 49 30 98 92 123 0 12 124 19 94 2 11 43 34 70 104 22 122 18 59 15 41 80 113 110 54 50 17 69 90 56 9 67 91 77 3 13 55 116 6 120 72 1 66 103 81 84 73 45 7 99 111 125 26 74 85 32 118 61 107 108 28 109 127 40 106 38 126 75 83 23 78 35 112 88 86 21 117 5 102 48 105 47 52 20 8 10 14 65 119 36 63 76 114 93 44 4 68 97 96 51 25 31 121 24 16 101 37 87 82 46 95 115 60 79 62 39 29 89 64 57 100 71
79 107 77 41 83 58 46 45 76 124 68 53 26 118 89 28 12 6 7 9 98 125 20 97 40 59 112 24 4 36 114 50 91 78 81 126 14 10 116 84 109 43 25 113 123 32 105 33 85 80 110 34 94 52 101 92 82 31 23 90 17 51 48 127 0 8 64 75 49 3 71 87 19 37 54 13 63 11 95 73 86 42 122 57 29 27 74 100 47 30 70 99 111 104 67 72 93 60 5 62 38 66 35 117 106 44 102 88 69 115 121 1 15 39 108 18 61 96 119 56 16 120 2 22 55 21 65 103
54 20 28 3 111 72 126 25 101 59 88 8 9 67 65 102 50 62 115 48 32 75 74 47 37 92 63 103 120 31 124 78 58 51 1 114 73 15 106 66 116 84 98 60 69 57 119 0 24 121 38 61 4 22 86 68 13 81 44 117 36 118 30 82 33 99 93 108 100 34 11 53 112 18 7 55 27 6 26 110 105 12 113 17 2 5 79 35 41 19 90 14 71 95 123 52 21 43 64 109 122 87 89 56 91 127 80 85 76 125 23 39 46 29 70 97 49 45 42 107 10 77 96 83 94 104 40 16
3 12 77 47 114 120 42 83 62 39 13 29 19 45 79 84 124 52 63 9 10 66 57 4 93 90 58 34 46 32 60 85 108 69 22 18 80 112 49 103 78 20 71 25 125 43 21 16 24 107 91 6 98 67 110 82 81 44 36 74 121 53 75 14 23 73 55 68 35 106 87 102 28 72 38 99 118 116 101 51 123 27 15 0 17 31 2 59 111 1 5 115 56 92 50 126 113 7 65 100 89 109 61 54 117 97 40 122 86 96 8 11 41 127 33 70 30 48 94 88 95 119 76 105 26 104 37 64
44 92 37 68 56 0 58 72 43 100 25 42 46 29 97 6 91 40 27 48 106 14 3 23 102 95 31 11 81 36 127 10 49 52 82 41 74 111 71 89 8 2 9 33 117 19 67 18 78 105 53 118 88 28 34 83 124 103 80 54 70 60 86 120 125 38 93 104 50 51 107 98 45 7 4 99 75 87 73 101 126 22 110 63 59 121 26 90 17 119 61 112 66 39 84 62 57 65 21 5 47 12 108 24 123 122 85 77 115 35 94 116 55 64 114 96 109 76 20 1 16 69 113 79 13 32 30 15
81 78 111 21 108 126 45 39 46 70 27 56 104 55 115 15 90 28 125 65 71 120 34 13 117 91 107 97 123 30 35 75 3 14 87 88 17 8 82 44 41 9 112 124 110 11 36 59 20 100 96 31 63 127 54 29 98 22 103 76 121 99 94 102 58 42 84 49 18 61 33 32 122 114 25 72 4 26 92 101 24 6 19 113 57 38 53 106 23 116 50 69 67 52 2 74 105 93 0 95 109 80 10 62 79 83 66 7 43 1 77 64 85 16 51 40 60 12 5 68 48 118 73 37 47 86 89 119
30 33 94 109 71 101 80 41 100 95 6 2 99 126 16 78 54 0 58 86 28 15 119 26 34 127 9 81 124 22 123 38 27 97 75 115 19 5 4 91 104 14 69 89 40 46 106 24 90 37 84 120 85 73 87 8 49 107 76 105 98 25 48 51 118 125 10 108 63 21 102 50 82 62 114 55 65 18 1 23 42 44 29 11 32 83 77 13 92 116 88 17 67 113 35 68 60 57 121 122 103 53 64 39 74 20 110 66 56 72 111 79 36 93 31 117 61 59 112 96 45 12 3 47 52 70 43 7
123 4 117 17 116 34 45 100 20 120 56 84 8 26 2 126 0 63 3 91 10 23 59 60 24 41 50 103 122 87 124 75 52 81 86 74 104 88 83 37 121 112 51 29 125 69 27 67 108 98 39 114 49 19 25 46 85 97 53 68 43 30 78 7 119 57 101 16 106 5 62 66 127 70 15 48 58 40 11 61 93 107 73 28 82 113 105 99 102 35 42 80 54 76 96 95 47 55 71 21 110 32 13 65 90 6 64 31 33 22 18 92 115 12 118 111 79 38 36 109 89 72 14 94 1 77 9 44
