64 64
46 50 28 26 16 63 34 7 4 20 12 19 5 44 2 48 36 23 58 33 1 45 47 3 8 14 56 30 38 0 39 32 59 18 13 9 54 53 10 43 6 35 49 62 17 60 22 37 31 40 25 29 57 24 41 52 55 15 27 51 42 11 21 61
53 2 54 63 46 20 17 56 29 32 48 34 28 33 14 26 55 40 10 37 39 16 50 6 44 36 59 58 5 23 11 12 43 8 15 45 3 61 13 24 38 1 62 49 57 7 27 51 30 52 21 0 25 60 42 4 47 31 22 18 35 41 19 9
50 55 9 42 21 46 48 0 1 15 6 43 26 25 52 36 41 2 40 63 35 54 27 22 44 32 62 17 29 30 37 13 33 20 5 58 61 4 49 57 28 38 51 14 45 11 7 47 56 8 12 10 59 24 18 39 19 16 60 53 31 23 34 3
19 16 25 40 44 42 28 56 50 8 51 48 29 22 63 55 3 35 24 41 11 53 15 17 0 33 47 38 12 58 57 21 5 10 34 9 32 4 23 59 54 13 1 31 49 61 62 6 45 2 52 37 27 30 36 18 26 60 7 20 46 14 43 39
36 56 22 33 27 42 51 57 26 61 49 59 21 45 40 10 13 4 8 25 30 5 18 2 48 46 3 39 15 17 16 9 23 20 62 52 19 41 6 58 54 28 44 7 47 32 53 34 35 0 43 50 14 1 24 55 37 29 63 12 31 11 60 38
50 4 24 48 27 49 18 0 22 57 39 1 44 28 19 15 32 38 16 6 62 51 60 43 17 14 53 26 29 45 31 25 30 11 23 52 37 7 34 36 13 47 3 41 33 56 55 2 20 8 9 40 5 12 42 63 58 10 21 35 61 59 46 54
25 45 50 56 35 9 17 0 18 11 38 60 55 51 33 32 52 22 48 14 28 41 59 39 1 16 10 19 4 8 36 3 20 31 34 57 6 30 21 53 63 40 29 7 5 58 42 13 49 46 62 54 61 47 23 44 27 15 2 37 12 43 24 26
46 9 53 43 35 62 60 37 40 29 24 52 15 51 11 61 28 16 34 4 12 5 2 36 58 1 47 8 56 38 39 59 13 54 10 6 49 17 22 31 25 57 41 55 27 42 21 50 26 63 7 20 19 44 48 23 33 45 3 14 30 0 32 18
59 19 33 48 25 62 32 12 18 30 57 10 15 35 61 50 49 44 36 53 8 38 46 42 14 7 58 37 60 54 16 2 21 5 27 28 6 40 43 1 51 55 0 24 52 34 45 11 9 63 31 41 26 39 22 29 4 13 3 47 23 20 56 17
50 42 21 46 48 0 1 15 6 43 26 25 52 36 41 2 40 63 35 54 27 22 44 32 62 17 29 30 37 13 33 20 5 58 61 4 49 57 28 38 51 14 45 11 7 47 56 8 12 10 59 24 18 39 19 16 60 53 31 23 34 3 55 9
39 42 55 10 53 15 30 24 33 18 22 50 17 34 45 48 8 20 44 35 4 14 54 43 21 19 9 56 27 63 60 13 5 12 61 37 58 41 29 16 51 26 57 38 40 59 1 7 49 23 31 0 32 25 52 11 6 2 47 46 3 36 62 28
15 37 7 49 11 13 0 29 43 34 8 54 53 17 1 6 30 5 28 63 19 55 50 9 60 27 45 57 58 2 41 61 48 33 23 26 32 14 22 56 3 16 42 10 39 35 12 21 36 40 38 24 52 46 4 47 44 25 18 59 51 62 31 20
1 25 22 38 30 37 23 62 20 3 54 41 13 51 19 63 2 21 26 32 11 48 56 0 57 50 14 36 31 27 9 8 28 61 24 53 4 17 35 15 40 55 49 58 43 47 12 42 59 7 10 33 45 6 60 29 39 16 5 46 44 34 18 52
0 9 17 25 33 41 49 57 2 10 18 26 34 42 50 58 3 11 19 27 35 43 51 59 4 12 20 28 36 44 52 60 5 13 21 29 37 45 53 61 6 14 22 30 38 46 54 62 7 15 23 31 39 47 55 63 8 16 24 32 40 48 56 1
3 12 7 40 43 34 38 55 60 35 48 32 15 13 33 6 45 47 46 39 53 50 29 19 49 8 36 25 21 58 11 37 14 62 20 1 2 0 10 17 44 31 54 22 4 59 30 42 61 41 27 5 23 52 63 57 9 18 24 56 28 16 26 51
50 25 30 11 23 52 37 7 34 36 13 47 3 41 33 56 55 2 20 8 9 40 5 12 42 63 58 10 21 35 61 59 46 54 4 24 48 27 49 18 0 22 57 39 1 44 28 19 15 32 38 16 6 62 51 60 43 17 14 53 26 29 45 31
30 21 45 20 43 15 34 7 2 24 12 42 60 9 10 17 56 13 63 48 38 41 47 29 37 8 18 31 57 25 54 50 27 36 51 55 53 39 4 61 19 62 59 40 33 11 3 14 46 35 52 22 1 26 28 0 44 58 49 23 6 5 32 16
63 62 31 0 35 7 52 14 57 41 32 28 45 51 29 19 12 1 10 56 30 27 3 39 42 58 44 38 43 24 36 2 50 20 47 49 26 60 16 54 46 6 5 15 33 21 22 53 18 25 55 13 8 23 34 48 11 9 59 4 17 37 61 40
5 1 33 43 20 9 50 48 38 22 56 29 26 42 34 41 27 3 24 7 58 45 17 55 23 4 6 25 30 36 15 52 60 0 61 54 18 40 35 31 13 12 32 2 28 57 8 21 39 19 44 59 53 62 47 51 16 46 63 11 14 37 49 10
34 9 49 38 16 14 4 51 22 58 55 8 63 7 56 32 53 36 24 11 46 21 52 33 35 54 59 2 44 18 26 0 27 20 47 6 1 60 42 41 61 31 57 23 37 50 5 48 10 25 19 28 13 17 45 12 29 40 43 3 15 39 30 62
27 48 1 56 63 49 25 46 29 17 4 39 14 45 26 28 47 52 58 37 11 19 0 20 13 40 62 57 53 35 34 54 24 50 16 30 43 61 41 3 18 12 21 6 10 38 5 22 33 36 59 8 32 23 55 2 42 31 9 7 60 44 15 51
34 49 4 55 56 24 52 59 26 47 42 57 5 19 45 43 30 38 51 8 32 11 33 2 0 6 41 23 48 28 12 3 62 16 22 63 53 46 35 44 27 1 61 37 10 13 29 15 9 14 58 7 36 21 54 18 20 60 31 50 25 17 40 39
31 38 28 20 47 45 22 25 14 9 37 63 36 59 46 13 1 19 52 60 53 50 21 43 49 32 56 41 23 24 44 61 39 58 54 34 2 7 16 10 42 26 40 12 27 6 35 11 48 55 5 4 29 33 8 18 30 51 62 15 0 17 3 57
23 35 53 2 3 10 49 6 56 41 31 34 40 22 30 1 11 24 50 18 47 43 20 29 44 48 46 32 60 54 12 55 52 33 26 4 59 7 39 28 45 15 57 19 21 0 37 51 42 16 62 61 25 9 14 38 13 36 8 27 63 58 17 5
14 54 1 13 34 45 61 0 63 49 40 21 11 3 30 28 5 8 60 55 20 46 19 42 29 59 47 2 35 43 36 33 4 26 32 15 39 24 6 7 27 44 22 41 37 17 48 53 62 56 25 9 23 58 10 52 18 57 31 38 51 50 12 16
23 14 38 13 36 8 27 63 58 17 5 35 53 2 3 10 49 6 56 41 31 34 40 22 30 1 11 24 50 18 47 43 20 29 44 48 46 32 60 54 12 55 52 33 26 4 59 7 39 28 45 15 57 19 21 0 37 51 42 16 62 61 25 9
45 37 0 38 31 58 17 12 8 53 52 9 42 5 34 48 61 16 59 21 36 30 39 24 28 56 23 40 51 54 14 26 50 41 10 20 60 49 27 25 15 62 33 6 3 19 11 18 4 43 1 47 35 22 57 32 63 44 46 2 7 13 55 29
16 4 40 37 53 45 52 38 14 35 18 6 56 28 3 34 15 17 36 41 47 26 63 8 0 9 2 29 51 46 42 24 23 43 13 39 5 19 32 50 30 55 7 1 10 58 62 27 57 11 22 25 48 60 21 12 44 54 31 20 61 59 49 33
23 60 21 63 22 54 0 58 30 12 37 17 1 55 51 5 11 52 42 35 24 33 16 53 50 26 62 2 18 4 61 3 47 59 25 10 43 7 9 49 20 39 14 6 29 28 38 56 44 45 13 41 48 15 36 31 46 57 8 34 32 19 27 40
18 30 60 5 1 36 29 17 59 19 13 38 24 43 27 49 50 28 62 2 23 10 14 0 46 11 56 4 33 31 22 53 63 48 61 44 51 26 35 25 6 45 42 15 39 41 55 7 47 21 54 34 40 52 16 32 37 57 20 9 8 3 58 12
48 7 40 19 44 46 0 62 13 4 41 24 23 50 34 39 63 38 61 33 52 25 20 42 30 60 15 27 28 35 11 31 18 3 56 59 2 47 55 26 36 49 12 43 9 5 45 54 6 10 8 57 22 16 37 17 14 58 51 29 21 32 1 53
57 55 0 8 22 13 50 33 32 59 43 48 9 47 7 42 61 34 29 51 39 6 24 36 37 44 20 40 27 12 2 5 11 56 1 35 45 58 21 52 18 14 54 63 15 19 17 3 31 25 46 26 23 4 60 38 30 41 10 62 16 49 28 53
31 48 5 29 8 30 62 0 3 38 20 45 25 9 63 59 13 19 60 50 43 32 41 24 61 58 34 7 10 26 12 6 11 55 4 33 18 51 15 17 57 28 47 22 14 37 36 46 1 52 53 21 49 56 23 44 39 54 2 16 42 40 27 35
30 55 22 43 38 53 1 15 41 39 26 34 47 4 28 7 29 61 0 2 37 19 44 24 8 62 58 12 18 59 49 42 31 40 23 60 57 33 6 9 25 11 5 10 54 3 32 17 50 14 16 56 27 46 21 13 36 35 45 63 51 52 20 48
59 62 38 40 39 32 46 43 22 12 42 1 29 18 14 51 4 30 7 55 13 57 58 0 3 10 37 24 47 15 60 52 23 35 54 34 20 61 16 45 56 50 2 11 17 49 21 9 19 44 5 63 33 36 27 31 48 53 28 41 25 8 6 26
7 5 21 26 46 9 61 60 55 47 1 19 49 57 53 25 18 6 48 8 2 27 13 32 16 38 39 17 51 54 12 62 3 0 35 63 45 56 22 20 11 42 52 37 50 33 40 15 24 14 58 34 31 4 28 30 44 59 36 10 43 23 29 41
63 21 22 53 18 25 55 13 8 23 34 48 11 9 59 4 17 37 61 40 62 31 0 35 7 52 14 57 41 32 28 45 51 29 19 12 1 10 56 30 27 3 39 42 58 44 38 43 24 36 2 50 20 47 49 26 60 16 54 46 6 5 15 33
40 19 51 35 49 21 36 15 44 20 57 1 14 13 38 42 17 27 39 60 8 24 0 26 12 3 47 37 29 56 54 31 34 23 18 46 9 45 5 55 22 10 28 61 6 62 59 30 52 58 41 2 50 32 33 53 7 48 4 63 43 11 16 25
47 15 57 31 39 0 40 33 60 19 14 10 55 54 11 44 7 36 50 63 18 61 23 38 32 41 26 30 58 25 42 53 56 16 28 52 43 12 22 62 51 29 27 17 1 35 8 5 21 13 20 6 45 3 49 37 24 59 34 2 46 48 4 9
62 38 41 57 43 37 42 23 35 1 49 19 46 48 25 59 15 53 45 5 4 14 32 20 21 52 17 24 54 12 7 22 33 47 10 8 58 3 16 36 60 39 61 30 0 34 6 51 13 56 40 31 27 44 50 28 18 11 63 9 55 29 26 2
54 44 9 16 46 4 62 14 25 39 2 63 50 58 8 28 52 31 53 22 0 26 61 43 5 48 32 23 19 36 42 20 10 3 55 1 47 21 18 57 30 33 49 35 29 34 15 27 56 41 11 38 40 17 51 7 45 37 60 59 6 24 12 13
28 30 19 18 13 5 22 40 7 15 11 46 39 27 6 29 23 48 34 53 37 59 60 38 9 12 33 20 24 0 56 21 3 14 43 41 32 63 10 58 8 54 61 36 45 35 16 55 52 25 49 51 2 17 57 31 1 44 50 62 26 42 47 4
34 1 61 37 10 13 29 15 9 14 58 7 36 21 54 18 20 60 31 50 25 17 40 39 49 4 55 56 24 52 59 26 47 42 57 5 19 45 43 30 38 51 8 32 11 33 2 0 6 41 23 48 28 12 3 62 16 22 63 53 46 35 44 27
36 57 58 26 54 61 28 49 44 59 7 21 47 45 32 40 53 10 34 13 35 4 0 8 43 25 50 30 14 5 1 18 24 2 55 48 37 46 29 3 63 39 12 15 31 17 11 16 60 9 38 23 56 20 22 62 33 52 27 19 42 41 51 6
29 20 12 35 34 44 62 50 51 19 47 54 21 42 37 52 63 14 40 38 25 33 46 3 27 6 28 60 0 1 36 18 43 23 7 61 57 11 17 58 48 41 30 39 22 59 56 32 5 8 24 10 4 9 53 2 31 16 49 13 15 55 26 45
4 61 45 36 32 49 55 33 23 16 5 14 60 34 31 7 43 46 62 48 42 47 28 40 6 54 24 51 53 30 1 20 58 50 10 9 19 37 25 26 57 22 29 59 17 12 27 38 52 15 13 63 8 21 41 2 44 3 35 0 39 11 56 18
25 16 8 31 30 40 58 46 47 15 43 50 17 38 33 48 59 10 36 34 21 29 42 62 23 2 24 56 0 60 32 14 39 19 3 57 53 7 13 54 44 37 26 35 18 55 52 28 1 4 20 6 63 5 49 61 27 12 45 9 11 51 22 41
44 18 42 21 43 12 0 16 51 33 58 38 22 13 9 26 32 10 63 56 45 54 37 11 8 47 20 23 39 25 19 24 5 17 46 31 1 28 30 7 41 60 35 27 50 49 59 14 2 3 34 62 6 36 57 52 4 15 29 55 53 40 48 61
7 46 55 49 18 2 16 51 3 45 11 50 24 31 44 43 5 9 47 57 6 27 38 54 0 56 42 33 14 4 59 23 21 61 1 53 48 13 39 12 35 22 52 40 58 28 36 29 26 60 19 25 8 32 17 62 63 20 37 15 34 30 10 41
3 23 52 63 57 9 18 24 56 28 16 26 51 12 7 40 43 34 38 55 60 35 48 32 15 13 33 6 45 47 46 39 53 50 29 19 49 8 36 25 21 58 11 37 14 62 20 1 2 0 10 17 44 31 54 22 4 59 30 42 61 41 27 5
45 28 56 23 40 51 54 14 26 50 41 10 20 60 49 27 25 15 62 33 6 3 19 11 18 4 43 1 47 35 22 57 32 63 44 46 2 7 13 55 29 37 0 38 31 58 17 12 8 53 52 9 42 5 34 48 61 16 59 21 36 30 39 24
55 35 28 42 39 18 8 38 60 25 14 10 47 63 26 3 51 9 53 54 0 62 6 33 20 43 11 56 48 19 31 50 30 16 57 12 41 52 46 61 7 13 45 17 5 15 40 1 59 29 32 23 27 44 49 24 37 21 4 2 22 58 34 36
49 24 35 1 62 53 21 31 16 29 12 19 57 3 56 37 13 10 46 7 9 23 38 15 52 22 2 8 20 47 63 5 25 51 40 39 34 26 43 61 28 36 32 4 60 48 27 50 44 6 55 11 58 17 18 59 30 33 54 41 45 0 14 42
8 27 1 47 46 10 57 62 23 61 21 56 12 48 43 2 53 20 38 50 51 58 34 54 41 26 16 19 25 7 15 49 59 9 35 3 32 28 5 14 29 33 31 17 45 39 60 40 37 18 11 52 44 55 24 13 30 63 42 4 6 0 22 36
53 47 2 32 40 36 8 1 52 31 54 48 10 59 15 62 21 22 63 34 37 58 45 49 0 18 46 28 39 5 3 57 25 35 20 33 16 23 61 7 60 41 17 14 50 11 13 27 42 19 56 26 6 12 24 51 4 9 29 55 44 43 38 30
46 48 23 33 45 3 14 30 0 32 18 9 53 43 35 62 60 37 40 29 24 52 15 51 11 61 28 16 34 4 12 5 2 36 58 1 47 8 56 38 39 59 13 54 10 6 49 17 22 31 25 57 41 55 27 42 21 50 26 63 7 20 19 44
12 9 1 28 26 3 6 58 53 18 44 17 40 27 57 45 63 33 41 34 31 2 24 30 13 37 22 4 5 25 42 20 39 35 15 46 51 60 54 23 7 21 56 8 50 16 55 29 36 49 48 10 14 52 62 11 32 43 59 0 61 47 38 19
36 37 56 61 4 46 20 28 0 29 22 49 8 3 62 44 43 63 33 59 25 39 52 7 50 12 27 21 30 15 19 47 14 31 42 45 5 17 41 32 1 11 51 40 18 16 6 53 24 60 57 10 2 9 58 34 55 38 26 13 48 23 54 35
42 22 29 5 25 12 60 50 53 59 41 49 20 30 43 6 37 3 62 39 48 63 4 2 51 16 10 31 11 8 52 45 23 15 26 58 47 1 34 13 38 40 0 56 7 61 35 18 17 44 28 33 57 32 55 27 46 19 14 36 24 54 9 21
27 3 12 6 38 22 36 8 23 2 31 7 44 51 1 63 25 29 4 14 26 47 58 11 0 13 62 53 34 24 16 43 41 18 21 10 5 33 59 32 55 42 9 60 15 48 56 49 46 17 39 45 28 52 37 19 20 40 57 35 54 50 30 61
35 26 25 20 12 29 47 14 22 18 53 46 34 13 36 30 55 41 60 44 3 4 45 16 19 40 27 31 0 63 28 10 21 50 48 39 7 17 2 15 61 5 43 52 42 23 62 59 32 56 58 9 24 1 38 8 51 57 6 33 49 54 11 37
61 40 9 56 7 42 57 36 2 41 15 22 35 34 59 63 38 48 60 18 29 45 0 47 33 24 5 58 50 14 12 52 55 44 39 4 30 3 26 13 43 31 49 19 27 20 17 51 10 16 62 23 8 53 54 11 28 6 25 21 1 32 37 46
31 42 30 9 32 26 51 37 56 40 62 63 41 12 15 36 23 27 0 59 24 6 17 46 44 35 3 13 61 11 57 1 39 48 38 19 58 55 28 52 54 5 20 60 34 4 47 53 2 29 45 50 7 33 22 21 16 8 25 43 10 18 14 49
59 47 15 60 52 23 35 54 34 20 61 16 45 56 50 2 11 17 49 21 9 19 44 5 63 33 36 27 31 48 53 28 41 25 8 6 26 62 38 40 39 32 46 43 22 12 42 1 29 18 14 51 4 30 7 55 13 57 58 0 3 10 37 24
