64 24
1 21 12 22 18 5 19 10 3 20 11 16 0 13 15 4 9 23 2 7 8 17 6 14
3 2 8 6 23 7 19 11 16 15 22 14 9 18 5 21 1 20 10 0 4 12 13 17
19 21 1 11 15 0 17 12 2 18 6 23 4 5 3 14 9 22 20 7 8 10 16 13
11 2 4 9 16 12 6 17 22 18 3 10 5 23 20 1 8 13 21 14 0 7 15 19
7 1 21 0 12 14 3 2 5 9 16 6 18 15 23 13 22 11 20 10 8 17 19 4
3 12 20 9 0 14 1 8 19 6 22 21 7 15 4 10 13 18 11 5 17 23 2 16
18 14 10 20 2 13 7 1 0 15 12 11 16 21 22 19 5 3 8 17 4 23 6 9
23 19 2 17 3 5 18 1 14 9 12 15 7 16 13 10 4 8 22 11 0 6 20 21
3 4 2 23 9 18 12 22 7 11 1 10 0 17 6 16 21 19 13 20 15 14 8 5
20 15 5 17 23 22 3 2 7 13 10 19 4 12 21 11 16 1 9 0 14 6 18 8
3 8 9 6 13 0 10 19 21 2 1 23 12 7 4 14 11 20 22 5 18 15 16 17
16 5 21 17 10 0 20 11 18 12 22 3 7 15 13 8 9 6 14 19 2 23 4 1
16 15 5 13 0 9 18 14 8 23 7 10 19 2 6 4 1 3 17 21 22 12 11 20
4 7 8 16 5 10 14 2 6 11 21 12 15 20 1 17 23 18 9 0 22 19 3 13
5 23 22 18 1 12 6 10 7 11 13 16 9 19 15 17 4 3 21 2 0 8 20 14
12 8 22 0 10 16 14 9 11 20 23 17 18 4 19 3 2 15 7 21 1 13 6 5
1 10 19 20 21 7 18 22 6 12 3 17 0 9 15 14 8 16 11 4 5 2 23 13
3 5 13 20 6 1 15 8 10 17 21 16 0 18 4 22 12 23 7 9 11 14 2 19
14 20 3 8 5 17 10 19 15 12 16 23 0 21 6 1 18 22 11 9 4 2 13 7
22 18 19 7 20 11 10 6 16 1 5 23 4 14 9 17 13 2 12 21 0 3 8 15
18 3 23 10 12 6 2 11 5 15 14 13 0 9 20 16 22 1 17 7 19 21 8 4
4 19 13 2 20 9 6 18 10 21 22 12 0 8 5 11 14 23 16 1 17 7 15 3
2 6 16 18 15 22 11 8 0 14 19 3 1 5 17 23 20 21 7 9 12 13 4 10
9 8 6 3 5 0 7 17 10 23 15 12 19 21 14 11 13 4 2 20 16 1 18 22
2 23 15 8 1 4 12 11 0 9 5 6 21 13 16 18 20 14 19 17 3 10 7 22
22 15 20 3 4 7 12 8 17 18 19 2 0 5 16 9 23 10 13 1 6 14 21 11
9 8 2 4 13 7 21 11 12 5 14 15 23 16 22 10 18 19 20 0 6 1 3 17
16 23 22 8 20 12 5 17 2 21 10 1 11 3 19 4 15 13 14 0 9 6 18 7
9 11 13 7 3 0 10 21 19 15 4 20 18 17 22 2 16 23 6 12 8 14 5 1
3 1 16 12 20 17 9 18 22 13 23 19 7 4 21 11 6 5 10 8 0 15 14 2
2 14 17 7 20 12 16 18 6 3 8 9 15 22 1 21 23 4 10 0 5 19 13 11
4 14 15 2 20 0 16 5 7 6 13 1 10 18 3 11 21 9 19 22 8 23 12 17
13 9 23 15 21 3 12 20 22 4 1 2 10 18 17 16 14 7 6 8 0 11 19 5
12 20 22 0 8 7 6 16 10 3 2 9 19 11 17 13 21 18 15 14 5 4 1 23
16 11 12 14 6 0 8 9 22 7 3 18 21 4 19 5 1 10 2 13 23 15 17 20
11 7 16 8 19 23 6 2 21 18 1 14 0 22 3 13 10 4 5 17 15 9 12 20
6 2 5 9 16 23 18 13 3 8 14 17 7 10 15 1 21 12 11 0 19 20 4 22
3 22 10 0 7 18 13 8 19 16 12 1 23 6 2 4 5 14 15 21 17 9 20 11
17 13 1 7 20 14 2 4 0 8 11 3 9 23 18 19 12 15 5 22 21 6 10 16
18 19 13 4 0 23 8 17 3 1 6 7 21 5 22 9 16 15 14 2 20 10 12 11
17 13 1 12 6 11 19 18 16 15 7 22 0 14 8 4 3 21 10 23 2 9 20 5
6 22 1 0 2 13 12 7 23 4 14 8 11 16 5 17 15 10 18 20 9 21 19 3
1 10 3 9 17 5 4 2 0 11 16 20 12 19 21 7 22 15 8 18 23 13 14 6
6 5 21 2 4 20 13 22 19 11 1 23 12 18 8 9 17 15 14 10 0 7 16 3
4 6 7 0 22 17 8 1 11 18 15 10 20 2 14 16 21 9 13 12 19 5 23 3
2 9 16 5 1 20 11 10 21 18 14 22 8 23 17 19 7 12 4 0 6 15 3 13
0 23 10 22 6 12 18 15 2 1 13 20 19 14 11 5 3 8 17 16 4 21 9 7
19 15 11 0 9 2 10 21 22 1 7 6 13 4 20 14 17 5 18 8 16 23 12 3
20 22 14 8 3 11 7 15 13 9 12 23 0 17 16 5 2 4 6 21 1 10 18 19
17 23 7 3 20 16 22 8 13 10 5 14 15 19 18 21 12 11 6 4 0 9 2 1
23 20 10 17 7 15 22 21 0 16 2 1 5 13 9 12 11 19 18 8 14 4 6 3
19 22 21 16 0 18 1 5 17 8 15 2 4 6 9 20 12 11 7 23 13 3 14 10
4 2 13 20 15 23 19 8 11 22 18 7 0 17 3 21 9 16 1 5 10 6 12 14
21 17 1 8 9 13 18 22 14 20 2 3 11 5 15 12 6 10 7 0 19 16 23 4
17 8 2 3 23 5 18 1 20 14 7 21 4 11 15 19 12 10 22 6 0 16 9 13
17 13 12 0 8 11 2 4 22 23 16 20 18 3 15 14 1 10 7 5 6 21 9 19
22 16 4 19 11 14 15 8 17 7 10 3 0 20 13 5 2 23 21 18 1 6 12 9
11 6 15 16 14 0 4 12 23 13 3 19 1 20 9 17 10 18 22 7 8 21 2 5
7 2 5 0 11 4 1 19 12 17 6 10 9 22 21 13 23 15 14 8 20 3 18 16
16 13 15 0 5 18 10 8 11 19 1 20 2 12 21 4 23 22 14 7 3 6 9 17
5 13 21 16 20 10 23 17 22 6 9 19 11 18 14 7 2 8 4 0 3 15 12 1
10 8 4 3 21 2 15 1 5 13 18 17 0 7 9 16 23 22 6 12 19 20 14 11
19 9 13 23 0 18 6 4 11 3 7 12 20 16 17 22 8 5 1 14 2 10 15 21
16 3 19 23 5 22 7 20 17 2 8 11 9 13 1 21 10 6 14 12 0 15 18 4
