64 64
0 1 2 3 4 5 6 7 8 9 10 11 12 13 14 15 16 17 18 19 20 21 22 23 24 25 26 27 28 29 30 31 32 33 34 35 36 37 38 39 40 41 42 43 44 45 46 47 48 49 50 51 52 53 54 55 56 57 58 59 60 61 62 63
44 56 45 54 37 11 8 47 20 23 39 25 19 24 5 17 46 31 1 28 30 7 41 60 35 27 50 49 59 14 2 3 34 62 6 36 57 52 4 15 29 55 53 40 48 61 18 42 21 43 12 0 16 51 33 58 38 22 13 9 26 32 10 63
38 61 9 23 49 47 34 42 55 12 36 15 37 6 0 10 45 27 52 32 16 7 3 20 26 4 57 50 39 48 31 5 2 41 14 17 33 19 13 18 62 11 40 25 58 22 24 1 35 54 29 21 44 43 53 8 59 60 28 56 63 30 51 46
8 6 22 27 47 10 62 61 56 48 2 20 50 58 54 26 19 7 49 9 3 28 14 33 17 39 40 18 52 55 13 63 4 0 36 1 46 57 23 21 12 43 53 38 51 34 41 16 25 15 59 35 32 5 29 31 45 60 37 11 44 24 30 42
7 6 0 14 21 48 35 58 26 8 63 34 46 2 45 31 9 27 56 4 61 13 22 28 60 32 20 30 55 16 11 44 47 38 42 59 1 39 52 36 19 17 37 10 49 51 50 43 57 54 33 23 53 12 40 29 25 62 15 41 18 3 24 5
52 31 33 32 25 39 36 15 5 35 57 22 11 7 44 60 23 63 48 6 50 51 0 59 3 30 17 40 8 53 45 16 28 47 27 13 54 9 38 49 43 58 4 10 42 14 2 12 37 61 56 26 29 20 24 41 46 21 34 18 1 62 19 55
27 11 32 19 23 0 55 20 2 13 42 40 31 62 9 57 7 53 60 35 44 34 15 54 51 24 48 50 1 16 56 30 63 43 49 61 25 41 46 3 29 18 17 12 4 21 39 6 14 10 45 38 26 5 28 22 47 33 52 36 58 59 37 8
12 35 46 60 23 21 8 16 29 49 10 52 11 43 0 47 19 1 26 6 53 44 40 57 63 41 31 24 13 22 5 42 39 15 51 54 7 56 50 55 36 48 14 62 32 59 61 38 9 28 3 58 18 17 27 45 33 34 2 30 37 4 25 20
33 38 55 25 4 29 31 0 47 61 52 26 9 8 35 19 24 48 23 46 18 37 10 5 27 15 45 63 12 13 20 59 16 3 51 41 44 50 32 40 11 21 34 60 28 57 53 30 39 54 58 56 42 7 1 22 2 62 43 36 14 6 17 49
1 38 53 30 4 37 17 23 35 62 15 20 40 3 55 54 49 41 58 13 43 51 47 19 12 63 42 2 59 21 7 26 10 32 33 11 45 48 6 56 60 0 29 57 39 50 16 14 5 36 46 31 44 27 34 9 18 8 52 28 25 61 22 24
43 11 32 12 9 53 46 24 16 27 59 48 2 35 14 39 41 0 57 8 62 36 19 18 45 29 34 58 33 56 28 47 20 15 37 25 55 10 22 23 30 6 26 13 61 51 54 60 42 50 21 31 44 7 38 4 63 40 49 1 5 3 52 17
8 0 22 36 27 1 47 46 10 57 62 23 61 21 56 12 48 43 2 53 20 38 50 51 58 34 54 41 26 16 19 25 7 15 49 59 9 35 3 32 28 5 14 29 33 31 17 45 39 60 40 37 18 11 52 44 55 24 13 30 63 42 4 6
42 23 22 15 29 26 5 58 25 47 12 1 60 34 50 13 53 38 59 40 41 0 49 56 20 7 30 61 43 35 6 18 37 17 3 44 62 28 39 33 48 57 63 32 4 55 2 27 51 46 16 19 10 14 31 36 11 24 8 54 52 9 45 21
44 36 40 0 9 37 19 30 59 57 48 16 26 11 24 7 14 52 61 51 32 8 5 41 2 4 18 33 10 47 17 60 3 15 42 58 63 20 46 35 34 29 21 38 56 23 31 27 62 55 43 22 45 39 1 50 6 53 12 13 54 25 28 49
28 62 26 42 47 4 30 19 18 13 5 22 40 7 15 11 46 39 27 6 29 23 48 34 53 37 59 60 38 9 12 33 20 24 0 56 21 3 14 43 41 32 63 10 58 8 54 61 36 45 35 16 55 52 25 49 51 2 17 57 31 1 44 50
41 36 50 22 37 16 45 21 58 2 15 14 39 43 18 28 40 61 9 25 0 27 13 4 48 38 30 57 55 32 35 24 19 47 10 46 6 56 23 11 29 62 7 63 60 31 53 59 42 3 51 33 34 54 8 49 5 1 44 12 17 26 20 52
0 44 45 46 47 48 49 50 51 52 53 54 55 56 57 58 59 60 61 62 63 1 2 3 4 5 6 7 8 9 10 11 12 13 14 15 16 17 18 19 20 21 22 23 24 25 26 27 28 29 30 31 32 33 34 35 36 37 38 39 40 41 42 43
0 57 58 59 60 61 62 63 1 2 3 4 5 6 7 8 9 10 11 12 13 14 15 16 17 18 19 20 21 22 23 24 25 26 27 28 29 30 31 32 33 34 35 36 37 38 39 40 41 42 43 44 45 46 47 48 49 50 51 52 53 54 55 56
21 13 29 55 32 17 38 19 20 0 28 35 62 49 9 40 22 14 48 60 16 59 45 23 41 7 18 12 27 36 42 11 46 34 44 6 30 25 58 61 52 56 10 15 53 3 50 33 31 51 24 63 2 1 57 8 5 47 37 4 26 54 43 39
6 39 28 24 61 14 40 17 2 23 4 5 0 13 20 47 34 57 25 7 62 33 45 1 44 30 8 26 55 3 60 12 21 27 59 31 19 29 54 15 10 43 46 37 41 58 63 38 51 35 18 16 36 9 48 50 49 42 56 53 32 22 52 11
44 10 56 54 11 47 23 25 24 17 31 28 7 60 27 49 14 3 62 36 52 15 55 40 61 42 43 0 51 58 22 9 32 63 45 37 8 20 39 19 5 46 1 30 41 35 50 59 2 34 6 57 4 29 53 48 18 21 12 16 33 38 13 26
42 46 14 24 9 22 5 12 50 59 49 30 6 3 39 63 2 16 31 8 45 15 58 1 13 40 56 61 18 44 33 32 27 19 36 54 21 29 25 60 53 41 20 43 37 62 48 4 51 10 11 52 23 26 47 34 38 0 7 35 17 28 57 55
56 53 14 16 30 45 22 59 29 9 15 27 54 7 12 32 58 47 46 41 33 50 5 35 43 39 11 4 55 34 57 51 13 62 18 2 24 25 3 37 40 61 48 52 0 21 49 31 42 8 6 60 28 38 23 36 19 26 1 10 63 44 20 17
31 15 0 17 3 57 38 28 20 47 45 22 25 14 9 37 63 36 59 46 13 1 19 52 60 53 50 21 43 49 32 56 41 23 24 44 61 39 58 54 34 2 7 16 10 42 26 40 12 27 6 35 11 48 55 5 4 29 33 8 18 30 51 62
60 11 38 25 48 16 61 53 24 36 55 35 21 62 17 46 57 51 3 12 18 50 22 10 20 45 6 1 34 37 28 32 49 54 29 42 26 9 7 27 63 39 41 40 33 47 44 23 13 43 2 30 19 15 52 5 31 8 56 14 58 59 0 4
11 6 20 55 7 49 15 54 28 35 48 47 9 13 51 61 10 31 42 58 0 60 46 37 18 8 63 27 25 2 5 57 52 17 43 16 39 26 56 44 62 32 40 33 30 1 23 29 12 36 21 3 4 24 41 19 38 34 14 45 50 59 53 22
44 63 56 45 54 37 11 8 47 20 23 39 25 19 24 5 17 46 31 1 28 30 7 41 60 35 27 50 49 59 14 2 3 34 62 6 36 57 52 4 15 29 55 53 40 48 61 18 42 21 43 12 0 16 51 33 58 38 22 13 9 26 32 10
40 11 16 25 19 51 35 49 21 36 15 44 20 57 1 14 13 38 42 17 27 39 60 8 24 0 26 12 3 47 37 29 56 54 31 34 23 18 46 9 45 5 55 22 10 28 61 6 62 59 30 52 58 41 2 50 32 33 53 7 48 4 63 43
37 32 46 18 33 12 41 17 54 61 11 10 35 39 14 24 36 57 5 21 0 23 9 63 44 34 26 53 51 28 31 20 15 43 6 42 2 52 19 7 25 58 3 59 56 27 49 55 38 62 47 29 30 50 4 45 1 60 40 8 13 22 16 48
47 7 36 50 63 18 61 23 38 32 41 26 30 58 25 42 53 56 16 28 52 43 12 22 62 51 29 27 17 1 35 8 5 21 13 20 6 45 3 49 37 24 59 34 2 46 48 4 9 15 57 31 39 0 40 33 60 19 14 10 55 54 11 44
35 42 32 24 51 49 26 29 18 13 41 4 40 63 50 17 5 23 56 1 57 54 25 47 53 36 60 45 27 28 48 2 43 62 58 38 6 11 20 14 46 30 44 16 31 10 39 15 52 59 9 8 33 37 12 22 34 55 3 19 0 21 7 61
7 17 10 51 43 54 23 12 29 62 41 3 5 0 21 35 26 63 46 45 9 56 61 22 60 20 55 11 47 42 1 52 19 37 49 50 57 33 53 40 25 15 18 24 6 14 48 58 8 34 2 31 27 4 13 28 32 30 16 44 38 59 39 36
4 50 10 9 19 37 25 26 57 22 29 59 17 12 27 38 52 15 13 63 8 21 41 2 44 3 35 0 39 11 56 18 61 45 36 32 49 55 33 23 16 5 14 60 34 31 7 43 46 62 48 42 47 28 40 6 54 24 51 53 30 1 20 58
46 0 39 32 59 18 13 9 54 53 10 43 6 35 49 62 17 60 22 37 31 40 25 29 57 24 41 52 55 15 27 51 42 11 21 61 50 28 26 16 63 34 7 4 20 12 19 5 44 2 48 36 23 58 33 1 45 47 3 8 14 56 30 38
51 43 22 47 49 0 2 16 7 44 27 26 53 37 42 3 41 1 36 55 28 23 45 33 63 18 30 31 38 14 34 21 6 59 62 5 50 58 29 39 52 15 46 12 8 48 57 9 13 11 60 25 19 40 20 17 61 54 32 24 35 4 56 10
28 16 29 55 23 52 48 25 34 49 53 51 37 2 59 17 60 57 38 31 9 1 12 44 33 50 20 62 24 26 0 42 56 47 21 4 3 30 14 19 43 18 41 13 32 5 63 22 10 40 58 7 8 15 54 11 61 46 36 39 45 27 35 6
61 39 62 56 18 4 23 7 29 30 8 42 45 3 53 57 0 26 54 36 47 13 11 2 33 43 28 41 24 31 6 15 5 49 25 22 58 19 21 35 50 27 1 34 14 20 32 59 12 17 37 63 52 51 46 38 55 10 40 48 44 16 9 60
57 18 31 30 55 59 34 44 56 14 25 41 0 43 29 20 1 54 46 10 8 48 51 40 35 63 26 62 22 9 39 27 45 15 23 16 13 47 6 12 58 19 4 49 50 7 24 2 21 17 60 28 33 42 36 5 52 3 38 53 32 61 37 11
2 41 44 60 46 40 45 26 38 4 52 22 49 51 28 62 18 56 48 8 7 17 35 23 24 55 20 27 57 15 10 25 36 50 13 11 61 6 19 39 63 42 1 33 0 37 9 54 16 59 43 34 30 47 53 31 21 14 3 12 58 32 29 5
4 56 18 61 45 36 32 49 55 33 23 16 5 14 60 34 31 7 43 46 62 48 42 47 28 40 6 54 24 51 53 30 1 20 58 50 10 9 19 37 25 26 57 22 29 59 17 12 27 38 52 15 13 63 8 21 41 2 44 3 35 0 39 11
4 5 60 31 43 62 42 28 6 24 53 1 58 10 19 25 57 29 17 27 52 13 8 41 44 35 39 56 61 36 49 33 16 14 34 7 46 48 47 40 54 51 30 20 50 9 37 26 22 59 12 38 15 63 21 2 3 0 11 18 45 32 55 23
17 51 56 2 59 28 12 26 61 13 55 21 60 34 41 54 53 15 19 57 4 16 37 48 1 0 3 52 43 24 14 6 33 31 8 11 63 58 23 49 22 45 32 62 50 5 38 46 39 36 7 29 35 18 42 27 9 10 30 47 25 44 40 20
52 34 18 1 62 19 55 31 33 32 25 39 36 15 5 35 57 22 11 7 44 60 23 63 48 6 50 51 0 59 3 30 17 40 8 53 45 16 28 47 27 13 54 9 38 49 43 58 4 10 42 14 2 12 37 61 56 26 29 20 24 41 46 21
13 44 2 45 42 23 16 57 49 60 29 18 35 5 47 9 11 0 27 41 32 6 52 51 15 62 4 28 3 26 61 17 53 48 7 58 25 43 55 56 63 39 59 46 31 21 24 30 12 20 54 1 14 40 8 37 33 10 19 34 38 36 22 50
34 6 28 16 46 1 13 14 21 60 17 4 52 42 45 51 33 41 12 22 35 61 29 58 54 31 40 55 59 57 43 8 2 23 3 63 44 37 15 7 18 50 39 56 26 5 30 32 0 48 62 53 27 10 9 36 20 25 49 24 47 19 38 11
24 52 12 43 25 17 51 63 19 62 48 26 44 10 21 15 30 39 45 14 49 37 47 9 33 28 61 1 55 59 13 18 56 6 53 36 34 54 27 3 5 4 60 11 8 50 40 7 29 57 46 42 16 32 58 35 20 41 22 23 0 31 38 2
32 54 50 24 40 3 43 28 49 30 31 0 39 46 10 60 20 51 33 25 59 8 27 7 56 34 52 18 29 23 38 47 53 22 57 45 55 17 41 36 6 9 63 4 21 26 1 14 61 44 42 62 35 11 13 12 5 19 16 58 48 15 37 2
38 46 55 45 26 2 62 35 59 61 12 27 4 41 11 54 60 9 36 52 57 14 40 29 28 23 15 32 50 17 25 21 56 49 37 16 39 33 58 44 63 47 6 7 48 19 22 43 30 34 0 3 31 13 24 53 51 42 10 20 5 18 1 8
39 24 33 18 22 50 17 34 45 48 8 20 44 35 4 14 54 43 21 19 9 56 27 63 60 13 5 12 61 37 58 41 29 16 51 26 57 38 40 59 1 7 49 23 31 0 32 25 52 11 6 2 47 46 3 36 62 28 42 55 10 53 15 30
52 51 0 59 3 30 17 40 8 53 45 16 28 47 27 13 54 9 38 49 43 58 4 10 42 14 2 12 37 61 56 26 29 20 24 41 46 21 34 18 1 62 19 55 31 33 32 25 39 36 15 5 35 57 22 11 7 44 60 23 63 48 6 50
59 13 47 20 17 33 25 32 18 57 15 61 49 36 8 46 14 58 60 16 21 27 6 43 51 0 52 45 9 31 26 22 4 3 23 56 19 48 62 12 30 10 35 50 44 53 38 42 7 37 54 2 5 28 40 1 55 24 34 11 63 41 39 29
27 45 26 28 47 52 58 37 11 19 0 20 13 40 62 57 53 35 34 54 24 50 16 30 43 61 41 3 18 12 21 6 10 38 5 22 33 36 59 8 32 23 55 2 42 31 9 7 60 44 15 51 48 1 56 63 49 25 46 29 17 4 39 14
16 1 20 56 51 10 61 28 46 58 59 3 42 62 49 34 24 27 33 15 23 57 4 17 43 11 40 36 13 22 37 41 39 25 53 47 5 48 45 26 19 60 52 63 32 21 38 8 50 12 14 0 30 44 35 9 55 54 18 2 7 31 6 29
48 35 5 32 34 11 45 1 39 31 54 53 63 18 6 7 38 3 10 40 61 56 8 19 33 59 57 44 52 2 22 46 25 47 16 0 20 55 37 62 42 26 17 13 30 36 14 4 60 49 58 41 15 12 51 24 27 43 29 23 28 9 21 50
26 27 21 46 32 51 35 57 58 36 7 10 31 18 22 0 54 19 1 12 41 39 30 61 8 56 6 52 59 34 43 33 14 53 50 23 47 49 63 15 55 29 62 42 48 60 24 40 45 2 28 17 16 11 3 20 38 5 13 9 44 37 25 4
56 24 28 45 50 25 38 22 5 3 23 59 35 37 36 29 43 40 19 9 39 61 26 15 11 48 1 27 4 52 10 54 55 0 63 7 34 21 44 12 57 49 20 32 51 31 17 58 13 42 53 47 62 8 14 46 18 6 16 41 2 60 30 33
45 2 42 51 3 7 5 54 19 13 34 14 11 55 48 26 18 29 61 50 4 37 16 41 43 0 59 10 1 38 21 20 47 31 36 60 35 58 30 49 22 17 39 27 57 12 24 25 32 8 28 15 63 53 56 62 44 52 23 33 46 9 40 6
50 40 63 35 54 27 22 44 32 62 17 29 30 37 13 33 20 5 58 61 4 49 57 28 38 51 14 45 11 7 47 56 8 12 10 59 24 18 39 19 16 60 53 31 23 34 3 55 9 42 21 46 48 0 1 15 6 43 26 25 52 36 41 2
55 0 62 6 33 20 43 11 56 48 19 31 50 30 16 57 12 41 52 46 61 7 13 45 17 5 15 40 1 59 29 32 23 27 44 49 24 37 21 4 2 22 58 34 36 35 28 42 39 18 8 38 60 25 14 10 47 63 26 3 51 9 53 54
54 24 9 62 2 8 53 61 32 42 55 18 49 15 11 51 60 12 16 14 63 28 22 43 23 20 1 57 35 27 38 7 59 13 46 25 50 52 0 5 19 10 47 30 29 56 40 45 6 44 4 39 58 31 26 48 36 3 21 33 34 41 17 37
6 15 43 37 58 38 35 16 9 50 42 53 22 11 28 61 40 2 4 0 20 34 25 62 45 44 8 55 60 21 59 19 54 10 46 41 63 51 18 36 48 49 56 32 52 39 24 14 17 23 5 13 47 57 7 33 1 30 26 3 12 27 31 29
30 51 55 53 39 4 61 19 62 59 40 33 11 3 14 46 35 52 22 1 26 28 0 44 58 49 23 6 5 32 16 21 45 20 43 15 34 7 2 24 12 42 60 9 10 17 56 13 63 48 38 41 47 29 37 8 18 31 57 25 54 50 27 36
20 53 8 41 49 42 39 10 32 38 21 45 30 12 13 33 50 28 47 43 23 54 59 5 62 31 15 29 1 16 58 24 63 37 44 57 56 18 22 60 7 19 40 51 4 0 6 55 46 27 17 9 36 34 11 14 3 61 26 52 25 48 35 2
13 50 49 11 15 53 63 12 33 44 60 0 62 48 39 20 10 2 29 27 4 7 59 54 19 45 18 41 28 58 46 1 34 42 35 32 3 25 31 14 38 23 5 6 26 43 21 40 36 16 47 52 61 55 24 8 22 57 9 51 17 56 30 37
